s 0,(4,69),(69,58),(58,57),(57,42),(43,44),(44,59),0,0,(9,10),(11,12),(12,16),(16,13),(13,14),(15,17),(15,18),(18,19),(19,21),(21,51),(47,46),(45,44),0,0,(2,3),(2,4),(69,59),(59,11),(76,20),(20,19),(50,52),(52,54),(50,49),(49,47),(47,48),(49,51),(21,22),(22,75),(75,23),(46,44),0,0,(23,31),(31,32),(32,33),(32,34),(32,35),(35,41),(56,55),(58,59),0,0,(1,2),(5,4),(60,61),(60,62),(62,63),(63,65),(62,66),(66,68),(60,58),0
q 3736
s 0,(9,10),(11,12),(76,20),(20,19),(21,22),(23,31),(32,33),(32,31),(21,51),(52,54),(52,50),(50,49),(49,47),(45,44),0,0,(2,3),(4,69),(69,58),(58,57),(57,42),(43,44),0,0,(2,4),(69,59),(59,44),(44,46),(46,47),(49,51),(21,19),(19,18),(18,15),(15,17),(14,13),(13,16),(16,12),0,0,(1,2),(11,59),(59,58),(58,60),(60,62),(62,63),(63,65),(62,66),(66,68),0,0,(60,61),(56,55),(41,35),(35,32),(32,34),(23,75),(75,22),(47,48),(5,4),0
q 3945
s 0,(1,2),(2,3),(2,4),(4,69),(69,59),(59,11),(11,12),(12,16),(16,13),(50,52),(51,21),0,0,(4,5),(9,10),(76,20),(20,19),(19,18),(18,15),(15,17),(14,13),(19,21),(21,22),(51,49),(49,47),0,0,(69,58),(58,60),(60,61),(60,62),(62,66),(66,68),(62,63),(63,65),(58,59),(59,44),(44,46),0,0,(58,57),(57,42),(43,44),(44,45),(46,47),(47,48),(49,50),(52,54),(22,75),(75,23),0,0,(35,41),(56,55),(35,32),(32,33),(32,34),(32,31),(31,23),0
q 4112
s 0,(1,2),(2,4),(4,5),(9,10),(11,12),(12,16),(16,13),(13,14),(15,18),(18,19),(50,52),(52,54),(50,49),(51,21),0,0,(2,3),(4,69),(69,58),(58,57),(57,42),(43,44),(44,46),0,0,(69,59),(59,11),(76,20),(20,19),(19,21),(21,22),(22,75),(75,23),(23,31),(32,33),(56,55),0,0,(59,44),(44,45),(46,47),(47,48),(47,49),(49,51),(59,58),(58,60),(60,62),(62,63),(63,65),(62,66),(66,68),0,0,(60,61),(41,35),(35,32),(32,34),(32,31),(15,17),0
q 4167
s 0,(1,2),(2,3),(2,4),(59,44),(44,46),(47,49),(49,50),(19,20),(20,76),(9,10),(11,59),0,0,(69,58),(58,57),(57,42),(32,31),(31,23),(23,75),(75,22),(22,21),(21,51),(51,49),(45,44),0,0,(69,59),(59,58),(58,60),(60,62),(62,66),(66,68),(62,63),(63,65),(46,47),(47,48),(5,4),0,0,(11,12),(12,16),(16,13),(13,14),(15,17),(15,18),(18,19),(19,21),(52,54),(52,50),(69,4),0,0,(44,43),(41,35),(35,32),(32,34),(32,33),(56,55),(60,61),0
q 3950
s 0,(1,2),(2,4),(4,5),(9,10),(11,59),(59,69),(69,4),0,0,(69,58),(58,57),(57,42),(43,44),(44,59),0,0,(11,12),(76,20),(20,19),(50,52),(52,54),(50,49),(49,47),(47,48),(47,46),(45,44),0,0,(58,60),(60,62),(62,63),(63,65),(62,66),(66,68),(60,61),(58,59),(2,3),0,0,(12,16),(16,13),(13,14),(15,17),(15,18),(18,19),(19,21),(22,75),(22,21),(21,51),(51,49),(46,44),0,0,(75,23),(23,31),(31,32),(32,34),(32,33),(32,35),(35,41),(56,55),0
q 3922
s 0,(59,58),(58,57),(57,42),(43,44),(44,59),(69,4),0,0,(2,4),(4,5),(9,10),(48,47),(31,32),(32,34),(32,35),(35,41),0,0,(69,59),(59,11),(76,20),(20,19),(19,21),(21,22),(22,75),(75,23),(23,31),(32,33),(56,55),0,0,(69,58),(58,60),(60,61),(60,62),(62,63),(63,65),(62,66),(66,68),0,0,(44,45),(44,46),(46,47),(47,49),(49,51),(51,21),(49,50),(52,54),(52,50),(19,18),(18,15),(15,17),(14,13),(13,16),(16,12),(12,11),0,0,(1,2),(2,3),0
q 3886
