s 0,(9,10),(11,12),(12,16),(16,13),(13,14),(15,17),(15,18),(18,19),(50,49),(49,47),(47,46),(46,44),(59,58),0,0,(2,3),(2,4),(69,59),(59,11),(76,20),(20,19),(19,21),(21,51),(52,54),(50,52),(21,22),(22,75),(51,49),(45,44),(44,59),0,0,(4,69),(69,58),(58,57),(57,42),(43,44),0,0,(48,47),(75,23),(23,31),(31,32),(32,33),(32,34),(32,35),(35,41),(56,55),0,0,(1,2),(5,4),(60,61),(60,62),(62,63),(63,65),(62,66),(66,68),(60,58),0
q 3722
s 0,(22,75),(75,23),(23,31),(31,32),(32,34),(32,33),(32,35),(56,55),0,0,(1,2),(2,4),(11,12),(12,16),(16,13),(13,14),(15,17),(15,18),(18,19),(50,49),(47,48),(47,46),(46,44),0,0,(2,3),(4,5),(9,10),(76,20),(20,19),(19,21),(21,22),(21,51),(50,52),(52,54),(51,49),(49,47),(45,44),(59,11),0,0,(69,58),(58,60),(58,57),(57,42),(35,41),(43,44),(44,59),(59,69),0,0,(4,69),(59,58),(60,62),(62,66),(66,68),(62,63),(63,65),(60,61),0
q 3752
s 0,(4,5),(9,10),(11,12),(12,16),(16,13),(13,14),(15,17),(15,18),(50,52),(52,54),(50,49),(49,47),(47,48),(47,46),(46,44),0,0,(4,69),(59,58),(58,57),(57,42),(43,44),(44,59),0,0,(2,4),(69,59),(59,11),(20,19),(19,21),(21,22),(22,75),(75,23),(23,31),(21,51),(51,49),(45,44),0,0,(1,2),(2,3),(69,58),(58,60),(60,61),(60,62),(62,66),(66,68),(62,63),(63,65),0,0,(56,55),(41,35),(35,32),(32,34),(32,33),(32,31),(19,18),(20,76),0
q 3766
s 0,(4,5),(9,10),(11,12),(12,16),(16,13),(13,14),(15,17),(15,18),(18,19),(21,22),(21,51),(52,54),(52,50),(50,49),(49,47),0,0,(2,4),(4,69),(59,11),(76,20),(20,19),(19,21),(51,49),(45,44),(44,59),0,0,(69,58),(58,57),(57,42),(41,35),(43,44),(44,46),(46,47),(47,48),0,0,(69,59),(59,58),(58,60),(60,61),(60,62),(62,66),(66,68),(62,63),(63,65),0,0,(56,55),(35,32),(32,34),(32,33),(32,31),(31,23),(23,75),(75,22),0,0,(1,2),(2,3),0
q 3738
s 0,(4,5),(9,10),(11,12),(76,20),(18,19),(19,21),(52,50),(50,49),(49,47),(47,46),(45,44),(44,59),(59,69),0,0,(2,3),(2,4),(4,69),(59,58),(58,57),(57,42),(43,44),0,0,(1,2),(69,58),(58,60),(60,61),(60,62),(62,63),(63,65),(62,66),(66,68),0,0,(44,46),(47,48),(21,22),(22,75),(21,51),(52,54),(19,20),(12,16),(16,13),(13,14),(15,17),(15,18),(11,59),0,0,(49,51),(75,23),(23,31),(31,32),(32,34),(32,33),(32,35),(35,41),(56,55),0
q 3640
s 0,(4,5),(9,10),(11,12),(12,16),(16,13),(13,14),(15,17),(15,18),(18,19),(50,49),(49,47),(47,48),(45,44),0,0,(2,4),(4,69),(69,59),(59,11),(76,20),(20,19),(19,21),(21,51),(52,54),(52,50),(44,59),0,0,(69,58),(58,60),(60,61),(60,62),(62,63),(63,65),(62,66),(66,68),(58,59),0,0,(58,57),(57,42),(43,44),(44,46),(46,47),(49,51),(21,22),(22,75),0,0,(56,55),(41,35),(35,32),(32,34),(32,33),(32,31),(31,23),(23,75),0,0,(1,2),(2,3),0
q 3750
s 0,(4,5),(9,10),(11,12),(12,16),(16,13),(13,14),(15,17),(15,18),(18,19),(50,52),(52,54),(50,49),(44,59),0,0,(2,4),(69,59),(59,58),(58,60),(60,62),(62,66),(66,68),(62,63),(63,65),(60,61),(58,69),0,0,(58,57),(57,42),(43,44),(44,46),(46,47),(47,48),(45,44),0,0,(4,69),(59,11),(76,20),(20,19),(19,21),(21,22),(22,75),(21,51),(51,49),0,0,(56,55),(41,35),(35,32),(32,33),(32,34),(32,31),(31,23),(23,75),(49,47),0,0,(1,2),(2,3),0
q 3704
