s 0,(1,116),(116,117),(117,2),(117,119),(118,114),(114,113),(113,112),(112,107),(107,110),(110,112),(107,108),0,0,(110,111),(107,106),(106,105),(105,104),(104,102),(66,67),(67,68),(67,69),(69,71),(71,72),(72,73),(73,44),(44,45),(45,34),0,0,(87,86),(86,85),(85,84),(84,82),(82,80),(80,79),(79,78),(78,77),(77,46),(46,43),(43,37),(37,36),(36,38),(38,39),(39,40),0,0,(108,109),0,0,(66,62),(62,63),(63,64),(64,65),(56,55),(55,140),(55,54),(49,48),0,0,(124,126),(126,130),(43,44),(34,139),(139,33),(33,11),(11,12),(12,13),(20,22),0,0,(95,96),(96,97),(97,98),(140,49),(11,8),(8,6),(6,5),(8,9),(13,14),(24,25),(27,28),0,0,(11,27),(27,25),(24,20),(28,30),(30,32),(28,29),0
q 6273
s 0,(1,116),(116,117),(117,2),(117,119),(118,114),(114,113),(113,112),(112,110),(110,107),(107,108),(107,112),0,0,(110,111),(107,106),(106,105),(105,104),(104,102),(66,67),(67,68),(67,69),(69,71),(71,72),(72,73),(73,44),(44,45),(45,34),0,0,(87,86),(86,85),(85,84),(84,82),(82,80),(80,79),(79,78),(78,77),(77,46),(46,43),(43,37),(37,36),(36,38),(38,39),(39,40),0,0,(108,109),0,0,(66,62),(62,63),(63,64),(64,65),(56,55),(55,54),(55,140),(49,48),0,0,(124,126),(126,130),(43,44),(34,139),(139,33),(33,11),(11,12),(12,13),(20,22),0,0,(95,96),(96,97),(97,98),(140,49),(11,8),(8,9),(8,6),(6,5),0,0,(13,14),(24,25),(27,28),(11,27),(27,25),(24,20),(28,30),(30,32),(28,29),0
q 6326
s 0,(1,116),(116,117),(117,2),(117,119),(118,114),(114,113),(113,112),(112,107),(107,108),(107,110),(110,112),0,0,(110,111),(107,106),(106,105),(105,104),(104,102),(66,67),(67,68),(67,69),(69,71),(71,72),(72,73),(73,44),(44,45),(45,34),0,0,(87,86),(86,85),(85,84),(84,82),(82,80),(80,79),(79,78),(78,77),(77,46),(46,43),(43,37),(37,36),(36,38),(38,39),(39,40),0,0,(108,109),0,0,(66,62),(62,63),(63,64),(64,65),(56,55),(55,54),(55,140),(49,48),0,0,(124,126),(126,130),(43,44),(34,139),(139,33),(33,11),(11,12),(12,13),(20,22),0,0,(95,96),(96,97),(97,98),(140,49),(11,8),(8,6),(6,5),(8,9),(13,14),(24,25),(27,28),0,0,(11,27),(27,25),(24,20),(28,30),(30,32),(28,29),0
q 6225
s 0,(1,116),(116,117),(117,119),(117,2),(118,114),(114,113),(113,112),(112,107),(107,108),(107,110),(110,112),0,0,(110,111),(107,106),(106,105),(105,104),(104,102),(66,67),(67,69),(69,71),(71,72),(72,73),(73,44),(44,45),(45,34),(43,46),(86,87),0,0,(108,109),0,0,(66,62),(62,63),(63,64),(64,65),(56,55),(55,140),(55,54),(49,48),0,0,(86,85),(85,84),(84,82),(82,80),(80,79),(79,78),(78,77),(77,46),(43,37),(37,36),(36,38),(38,39),(39,40),(67,68),0,0,(124,126),(126,130),(43,44),(34,139),(139,33),(33,11),(11,12),(12,13),(20,22),0,0,(95,96),(96,97),(97,98),(140,49),(11,8),(8,6),(6,5),(8,9),(13,14),(24,25),(27,28),0,0,(11,27),(27,25),(24,20),(28,30),(30,32),(28,29),0
q 6314
s 0,(1,116),(116,117),(117,119),(117,2),(118,114),(114,113),(113,112),(112,107),(107,110),(110,112),(107,108),0,0,(110,111),(107,106),(106,105),(105,104),(104,102),(66,67),(67,68),(67,69),(69,71),(71,72),(72,73),(73,44),(44,45),(45,34),0,0,(87,86),(86,85),(85,84),(84,82),(82,80),(80,79),(79,78),(78,77),(77,46),(46,43),(43,37),(37,36),(36,38),(38,39),(39,40),0,0,(108,109),0,0,(66,62),(62,63),(63,64),(64,65),(56,55),(55,140),(55,54),(49,48),0,0,(124,126),(126,130),(43,44),(34,139),(139,33),(33,11),(11,12),(12,13),(20,22),0,0,(95,96),(96,97),(97,98),(140,49),(11,8),(8,6),(6,5),(8,9),(13,14),(24,25),(27,28),0,0,(11,27),(27,25),(24,20),(28,29),(28,30),(30,32),0
q 6309
s 0,(1,116),(116,117),(117,2),(117,119),(118,114),(114,113),(113,112),(112,107),(107,110),(110,112),(107,108),0,0,(110,111),(107,106),(106,105),(105,104),(104,102),(66,67),(67,68),(67,69),(69,71),(71,72),(72,73),(73,44),(44,45),(45,34),0,0,(87,86),(86,85),(85,84),(84,82),(82,80),(80,79),(79,78),(78,77),(77,46),(46,43),(43,37),(37,36),(36,38),(38,39),(39,40),0,0,(108,109),0,0,(66,62),(62,63),(63,64),(64,65),(56,55),(55,54),(55,140),(49,48),0,0,(124,126),(126,130),(43,44),(34,139),(139,33),(33,11),(11,12),(12,13),(20,22),0,0,(95,96),(96,97),(97,98),(140,49),(11,27),(27,25),(25,24),(24,20),(13,14),(8,6),0,0,(27,28),(28,29),(28,30),(11,8),(8,9),(6,5),(30,32),0
q 6449
s 0,(1,116),(116,117),(117,2),(117,119),(118,114),(114,113),(113,112),(112,110),(110,107),(107,108),(107,112),0,0,(107,106),(106,105),(105,104),(104,102),(66,62),(62,63),(63,64),(64,65),(56,55),(55,140),(140,49),(49,48),(55,54),(69,67),(69,71),0,0,(110,111),(108,109),0,0,(66,67),(67,68),(71,72),(72,73),(44,43),0,0,(87,86),(86,85),(85,84),(84,82),(82,80),(80,79),(79,78),(78,77),(77,46),(46,43),(43,37),(37,36),(36,38),(38,39),(39,40),0,0,(124,126),(126,130),0,0,(73,44),(44,45),(45,34),(34,139),(139,33),(33,11),(12,13),(20,22),0,0,(95,96),(96,97),(97,98),(11,12),(13,14),(11,8),(8,6),(6,5),(8,9),(24,25),(27,28),0,0,(11,27),(27,25),(24,20),(28,30),(30,32),(28,29),0
q 6510
