s 0,(4,69),(69,58),(58,57),(57,42),(43,44),(44,59),0,0,(9,10),(11,12),(12,16),(16,13),(13,14),(15,17),(15,18),(18,19),(19,21),(21,51),(47,46),(45,44),0,0,(2,3),(2,4),(69,59),(59,11),(76,20),(20,19),(50,52),(52,54),(50,49),(49,47),(47,48),(49,51),(21,22),(22,75),(75,23),(46,44),0,0,(23,31),(31,32),(32,33),(32,34),(32,35),(35,41),(56,55),(58,59),0,0,(1,2),(5,4),(60,61),(60,62),(62,63),(63,65),(62,66),(66,68),(60,58),0
q 3736
s 0,(22,75),(75,23),(23,31),(31,32),(32,34),(32,33),(32,35),(56,55),0,0,(1,2),(2,4),(11,12),(12,16),(16,13),(13,14),(15,17),(15,18),(18,19),(50,49),(47,48),(47,46),(46,44),0,0,(2,3),(4,5),(9,10),(76,20),(20,19),(19,21),(21,22),(21,51),(50,52),(52,54),(51,49),(49,47),(45,44),(59,11),0,0,(69,58),(58,60),(58,57),(57,42),(35,41),(43,44),(44,59),(59,69),0,0,(4,69),(59,58),(60,62),(62,66),(66,68),(62,63),(63,65),(60,61),0
q 3752
s 0,(1,2),(2,3),(2,4),(4,69),(59,11),(11,12),(50,52),(52,54),(50,49),(45,44),(44,59),0,0,(9,10),(76,20),(20,19),(19,18),(18,15),(15,17),(14,13),(13,16),(16,12),(19,21),(21,51),(51,49),(49,47),(47,48),0,0,(4,5),(69,58),(58,60),(60,61),(60,62),(62,63),(63,65),(62,66),(66,68),0,0,(59,58),(58,57),(57,42),(43,44),(44,46),(46,47),(22,75),(75,23),(59,69),0,0,(21,22),(23,31),(31,32),(32,34),(32,33),(32,35),(35,41),(56,55),0
q 3922
s 0,(2,3),(2,4),(9,10),(11,12),(12,16),(16,13),(13,14),(15,17),(15,18),(18,19),(20,76),(5,4),0,0,(4,69),(69,58),(58,57),(57,42),(43,44),0,0,(1,2),(59,11),(20,19),(19,21),(21,22),(22,75),(75,23),(51,49),(47,46),(46,44),0,0,(69,59),(59,44),(47,48),(47,49),(49,50),(50,52),(52,54),(59,58),(58,60),(60,61),(60,62),(62,66),(66,68),(62,63),(63,65),0,0,(56,55),(41,35),(35,32),(32,33),(32,34),(32,31),(31,23),(21,51),(45,44),0
q 3774
s 0,(2,3),(69,59),(59,11),(11,12),(12,16),(16,13),(13,14),(15,17),(15,18),(18,19),(46,44),0,0,(4,69),(59,44),(44,43),(47,49),(50,52),(52,54),(50,49),(47,48),(10,9),(5,4),0,0,(1,2),(2,4),(59,58),(58,60),(60,62),(62,66),(66,68),(62,63),(63,65),(60,61),0,0,(69,58),(58,57),(57,42),(44,45),(46,47),(21,22),(22,75),(75,23),(21,19),(19,20),(20,76),0,0,(56,55),(41,35),(35,32),(32,33),(32,34),(32,31),(31,23),(21,51),(51,49),0
q 3911
s 0,(1,2),(2,4),(4,5),(9,10),(11,59),(59,69),(69,4),0,0,(69,58),(58,57),(57,42),(43,44),(44,59),0,0,(11,12),(76,20),(20,19),(50,52),(52,54),(50,49),(49,47),(47,48),(47,46),(45,44),0,0,(58,60),(60,62),(62,63),(63,65),(62,66),(66,68),(60,61),(58,59),(2,3),0,0,(12,16),(16,13),(13,14),(15,17),(15,18),(18,19),(19,21),(22,75),(22,21),(21,51),(51,49),(46,44),0,0,(75,23),(23,31),(31,32),(32,34),(32,33),(32,35),(35,41),(56,55),0
q 3922
s 0,(59,58),(58,57),(57,42),(43,44),(44,59),(69,4),0,0,(2,4),(4,5),(9,10),(48,47),(31,32),(32,34),(32,35),(35,41),0,0,(69,59),(59,11),(76,20),(20,19),(19,21),(21,22),(22,75),(75,23),(23,31),(32,33),(56,55),0,0,(69,58),(58,60),(60,61),(60,62),(62,63),(63,65),(62,66),(66,68),0,0,(44,45),(44,46),(46,47),(47,49),(49,51),(51,21),(49,50),(52,54),(52,50),(19,18),(18,15),(15,17),(14,13),(13,16),(16,12),(12,11),0,0,(1,2),(2,3),0
q 3886
