s 0,(1,8),(8,3),(3,2),(2,4),(4,3),(3,9),0,0,(1,4),(4,11),(11,6),(6,4),(4,7),(7,5),(5,6),0,0,(1,2),(2,7),(2,5),(5,1),0,0,(1,9),(9,8),(8,12),(12,10),(10,1),0,0,(1,11),(11,12),(10,9),0
q 283
s 0,(9,3),(3,2),(2,7),(7,5),(5,6),(6,11),(11,4),(4,1),0,0,(1,9),(9,10),(10,1),0,0,(1,5),(5,2),(2,4),(4,7),(2,1),0,0,(1,11),(11,12),(12,10),(12,8),(8,9),0,0,(1,8),(8,3),(3,4),(4,6),0
q 283
s 0,(1,10),(12,10),(10,9),(9,8),(8,3),(3,2),(2,1),0,0,(6,4),(4,3),(3,9),(9,1),0,0,(1,5),(5,7),(7,2),(2,4),(4,11),(11,12),(12,8),(8,1),0,0,(1,11),(11,6),(6,5),(5,2),(7,4),(4,1),0
q 275
s 0,(1,8),(8,3),(3,4),(4,6),(6,5),(5,1),0,0,(1,9),(9,3),(3,2),(2,7),(7,4),(4,11),(11,6),0,0,(1,2),(2,5),(5,7),(2,4),(4,1),0,0,(1,10),(10,9),(9,8),(8,12),(12,10),(12,11),(11,1),0
q 275
s 0,(1,9),(9,8),(8,3),(3,2),(2,5),(5,6),0,0,(1,10),(12,10),(10,9),(9,3),(3,4),(4,1),0,0,(1,5),(5,7),(2,7),(7,4),(4,2),(2,1),0,0,(1,11),(11,6),(6,4),(4,11),(11,12),(12,8),(8,1),0
q 275
s 0,(1,4),(4,3),(3,9),(9,8),(8,12),(12,10),(10,1),0,0,(1,9),(9,10),(12,11),(11,6),(11,1),0,0,(1,2),(2,7),(7,5),(5,2),(2,3),(3,8),(8,1),0,0,(1,5),(5,6),(6,4),(4,7),(2,4),(4,11),0
q 275
s 0,(1,10),(10,9),(9,3),(3,8),(8,9),(9,1),0,0,(1,4),(4,6),(6,5),(5,7),(7,4),(4,2),(2,1),0,0,(1,5),(5,2),(2,7),(2,3),(3,4),(4,11),0,0,(1,11),(11,6),(11,12),(12,10),(12,8),(8,1),0
q 275
